idx,sin,cos,anomaly
0,-0.0012869497582364137,0.9987130502417636,0
1,0.012029424501452113,1.0034183150102476,0
2,0.014466738545543173,0.9971716318453603,0
3,0.03485260114637075,1.0088012479739754,0
4,0.03493334147633356,1.0000541363348558,0
5,0.045621913675199965,1.0018439000986286,0
6,0.042279071907716334,0.9895319476776759,0
7,0.05778356062448129,0.9959976829389083,0
8,0.06474818685194134,0.99385457744528,0
9,0.08451479774533112,1.0044451479598713,0
10,0.08943152420815842,1.0001182000161437,0
11,0.10072365192569499,1.0020996989018318,0
12,0.11099632733600667,1.0029954755800075,0
13,0.10358010462066429,0.9861367736294648,0
14,0.12438244297057621,0.9974317464598678,0
15,0.13064362826835865,0.9941213789430803,0
16,0.1388437666982067,0.9926864809716471,0
17,0.14015877166453974,0.9843036743257026,0
18,0.14727272629957136,0.9816577551284597,0
19,0.16894718396243033,0.9935109942929112,0
20,0.16618411421770168,0.9808660834476164,0
21,0.18196665026188216,0.9867068823100692,0
22,0.18270767656540132,0.9774470062753047,0
23,0.1945882216841307,0.9792682191736707,0
24,0.20681794508572446,0.9813809200431097,0
25,0.2156999132467404,0.9800889191719072,0
26,0.22915362360142497,0.9833124619927895,0
27,0.2359668560323476,0.9798400805185661,0
28,0.2442954844568837,0.9778284048733145,0
29,0.2380861591808044,0.9612248455903734,0
30,0.24783320643126897,0.9605244930894423,0
31,0.268847733880564,0.9710392231441373,0
32,0.2806002815379808,0.972240347717396,0
33,0.27464355920311095,0.9556813523580195,0
34,0.2862727142159822,0.9566581638937736,0
35,0.2952916020082657,0.954975420925288,0
36,0.29961762353783555,0.9485513112030367,0
37,0.3021115214311943,0.9402473677119179,0
38,0.3262807593160657,0.9535718479457381,0
39,0.3265661472100847,0.9429663592375379,0
40,0.34532948206880426,0.9507934992489779,0
41,0.3388022640735883,0.9332855721993647,0
42,0.3440963487189329,0.9275552408938572,0
43,0.3667617506876577,0.9391533305393047,0
44,0.36476901702233033,0.9260512018560806,0
45,0.38264604898317206,0.9327775728761659,0
46,0.38133857436102103,0.9202789911960629,0
47,0.39371490481585064,0.9214245912550404,0
48,0.4048728777729062,0.921313036170779,0
49,0.40686198736323415,0.911994648619195,0
50,0.4119136950533631,0.9057017214032063,0
51,0.4229782801384639,0.9053853678847713,0
52,0.4228532130104267,0.8938438951916453,0
53,0.43032116659377784,0.8898608155917797,0
54,0.4450446469081005,0.8930994769940332,0
55,0.4565919858063043,0.893129055624545,0
56,0.46441996135844615,0.8894071763484779,0
57,0.47806611010977973,0.8914722248658081,0
58,0.485226757376664,0.8870213779448061,0
59,0.4773646367335062,0.867518222846378,0
60,0.49002025089919216,0.8685041181477338,0
61,0.5082823684595946,0.8750686904019706,0
62,0.5119885332596625,0.8670503434670849,0
63,0.5129659034920404,0.8562770975313625,0
64,0.531632678886782,0.8631680162397175,0
65,0.5369982296275392,0.8567333355463655,0
66,0.5383511864459303,0.8462625537455403,0
67,0.5439865701584049,0.8400515609445734,0
68,0.5429366156250668,0.8271334629588081,0
69,0.5544416507887128,0.8267494602866026,0
70,0.5569766249260586,0.8173753762964068,0
71,0.5796052201326252,0.828075768647384,0
72,0.5771361980338953,0.8136602759361947,0
73,0.5823200016634535,0.8068802195106624,0
74,0.5876743830256131,0.8002542309678244,0
75,0.6004225525287094,0.8010064015225583,0
76,0.5968871808115679,0.7854602837692914,0
77,0.6078004241127478,0.7843489169864033,0
78,0.6214105925859635,0.7859214953867238,0
79,0.629738446868027,0.7821996646204804,0
80,0.6398411675288677,0.7802414911602505,0
81,0.6443240319177745,0.7726531390820708,0
82,0.6383321752400266,0.7545806310768755,0
83,0.6496861365422478,0.7538453943706025,0
84,0.6568454215599341,0.7489078235064202,0
85,0.6730221429921173,0.7529809205540464,0
86,0.6793818680551189,0.7472311425981144,0
87,0.6716447206706295,0.7273795038608282,0
88,0.6889592564289919,0.7325754505997907,0
89,0.6910498833513208,0.7225442818046404,0
90,0.6917094767583543,0.711079764000398,0
91,0.7119791591735553,0.7192239110850464,0
92,0.7028020685007793,0.6979207524416635,0
93,0.7215717429922037,0.7045647178408088,0
94,0.7268186580363323,0.6976871741629833,0
95,0.73424012760996,0.6929863267850513,0
96,0.7233359469304874,0.6699628621670177,0
97,0.7486520573304931,0.6831636126610756,0
98,0.749441660854288,0.671842671042653,0
99,0.745329721636111,0.6556258918231204,0
100,0.7462767871909889,0.6444747124751885,0
101,0.7708606071024655,0.6569677720552097,0
102,0.7658767253300722,0.639901503445251,0
103,0.7703022363177576,0.632253889396171,0
104,0.7843885705571818,0.6342772480256045,0
105,0.788927156657816,0.6267638948228036,0
106,0.7972680633793384,0.6230647846158287,0
107,0.7916805858433363,0.6054500977181071,0
108,0.8062713824538964,0.6080273767839421,0
109,0.8024653154464917,0.5922223672923906,0
110,0.7999439165887562,0.5777174831830995,0
111,0.8123376089978895,0.5781440286088533,0
112,0.8218551730868698,0.5757116638170123,0
113,0.8205884526542038,0.5625131111745763,0
114,0.8354562356234789,0.5654680358431441,0
115,0.8435762318024334,0.5616950234734877,0
116,0.8366359473735436,0.5428824546317477,0
117,0.8391212769740908,0.5335170968152139,0
118,0.8558732587381922,0.5384408594301835,0
119,0.8577758680043519,0.5285385874354556,0
120,0.847233164588158,0.5062152085510921,0
121,0.869390984718779,0.5166174251311062,0
122,0.8711447260484729,0.5066414991092929,0
123,0.8615155351288529,0.4853094394119515,0
124,0.8670127307318735,0.4791314252154698,0
125,0.8681059641227756,0.4685779661560118,0
126,0.8857390544079504,0.47459373761427265,0
127,0.8956068428307089,0.47287443494829495,0
128,0.8895288634663834,0.4552404441257742,0
129,0.8972086810993379,0.4513961795384385,0
130,0.8885346243568968,0.4312308170735122,0
131,0.8921274685968583,0.4233659769389391,0
132,0.8972904331593842,0.4171057208531578,0
133,0.9173849373124092,0.4258123079285781,0
134,0.9118770049531753,0.4089525993113701,0
135,0.9127355897736908,0.39849638328536846,0
136,0.9148016600454238,0.38928545999540387,0
137,0.9248005760632195,0.38804601883006307,0
138,0.9230998374473726,0.37514638566280356,0
139,0.9206165586148447,0.36150449826242553,0
140,0.9232741525977636,0.35304459005103644,0
141,0.9356448538412385,0.3543397128415516,0
142,0.946195047646734,0.353857066220974,0
143,0.9318994281602528,0.3285721554787101,0
144,0.9357505825351212,0.32147837570971993,0
145,0.9473065656567174,0.3221345864798439,0
146,0.9421724833078254,0.3061466949319968,0
147,0.9569533035960992,0.31012046715471525,0
148,0.9617423929078596,0.3041500640772858,0
149,0.9667533645025957,0.2984498900058313,0
150,0.9501453471541521,0.2711798612063398,0
151,0.9622871873723085,0.2727096080683471,0
152,0.9546256835472102,0.2544867091917354,0
153,0.9650471036867707,0.2543982090667745,0
154,0.9735478905460301,0.2524413231463928,0
155,0.9693530945338983,0.23784187069611087,0
156,0.9708936623864827,0.22903156341084202,0
157,0.973560957355253,0.221402525546817,0
158,0.984202639189422,0.22180317384801507,0
159,0.98184722757322,0.20926278092778364,0
160,0.990201768235861,0.20748914132344787,0
161,0.9856089341100814,0.19282567259979744,0
162,0.9850089989031933,0.1822133888653928,0
163,0.9881257712575496,0.17537683487859623,0
164,0.981471910707996,0.15882940195090361,0
165,0.9963724760942909,0.1638968763055635,0
166,0.983568078142611,0.14132059160560484,0
167,0.9837007287440241,0.13174327817915912,0
168,0.988063302839065,0.12645852485121603,0
169,1.0005223723273795,0.12933361280078204,0
170,0.984391541414452,0.1036828508554612,0
171,0.999029189352465,0.10886531818051082,0
172,1.0032931547437285,0.10373954853081145,0
173,0.9885428371431506,0.07966563180223064,0
174,0.9968259030878119,0.07869192001044194,0
175,0.9916684141799766,0.06434515532353957,0
176,1.007447563404011,0.07100320632892122,0
177,1.0039462187240873,0.058449611581320345,0
178,0.9897432442694432,0.035263900738764134,0
179,1.0074890206617428,0.0440971148410041,0
180,0.9991439695533871,0.026910330799271198,0
181,1.0057663458003772,0.024762453520965226,0
182,1.0073330360565018,0.017631014456048977,0
183,1.0077588769656487,0.00943148974195462,0
184,0.9918056272514488,-0.01507372775378971,0
185,1.0002056866293023,-0.015151609568154804,0
186,0.9898448728502035,-0.033915714645012605,0
187,0.9950137029149836,-0.037074908166719184,0
188,0.9991276425230196,-0.0412131121508284,0
189,1.003895704296977,-0.04462070727036427,0
190,0.9893779308436418,-0.06723704983759451,0
191,0.9918399977541223,-0.07279586884802111,0
192,0.9984348793139797,-0.07414360031402488,0
193,0.9890543699272984,-0.09138786588414949,0
194,0.9899239506684743,-0.09830260633424731,0
195,0.9889126996836767,-0.10701817120852199,0
196,1.0020935440484284,-0.10146106700402542,0
197,0.9957257646312383,-0.11537145234867045,0
198,0.9896568524973277,-0.12890128163871137,0
199,0.9819673660426311,-0.1439694479455144,0
200,0.9962412022032553,-0.1369915118464275,0
201,0.9806857892290632,-0.15975950869107922,0
202,0.9773407508746382,-0.17023328444985256,0
203,0.994455868157152,-0.16016253399500194,0
204,0.992860324276011,-0.16871755621954126,0
205,0.9902371872186249,-0.178214771469551,0
206,0.9750471512866942,-0.20019298005550915,0
207,0.9837902653763992,-0.1981516340092598,0
208,0.9862329692472409,-0.2023238008518632,0
209,0.9756247939949386,-0.21945946315692344,0
210,0.9783054928374045,-0.22321838780036984,0
211,0.9647621525839738,-0.24311301452650974,0
212,0.9761687369276228,-0.23796891269061787,0
213,0.967147230456884,-0.2531636372813535,0
214,0.9732221694133493,-0.2531721981971059,0
215,0.95412739695805,-0.2782603050129839,0
216,0.9648509489043584,-0.2734394812807975,0
217,0.9506118094913936,-0.2934903087880469,0
218,0.9580237867715783,-0.2917985522022726,0
219,0.9537549462287636,-0.3016957254843445,0
220,0.9463682585346709,-0.31461844416293905,0
221,0.9557769647895157,-0.31065306012433913,0
222,0.9482988841997629,-0.32348135396460204,0
223,0.9433913648352006,-0.33364558426190893,0
224,0.9338588222797636,-0.3483409489546605,0
225,0.9372805385460128,-0.34998778645541223,0
226,0.9239068451329019,-0.3683353926210137,0
227,0.9275180066189938,-0.36960313718679033,0
228,0.9303624755079729,-0.371542208947915,0
229,0.9262764382810013,-0.3803160697334259,0
230,0.9172963069130191,-0.393887962915781,0
231,0.9111024561335096,-0.40457717617543265,0
232,0.9203425027920289,-0.3997357621601179,0
233,0.917967245350849,-0.4064125990165148,0
234,0.9036122853039393,-0.42497176899503525,0
235,0.9071434014114221,-0.4255471842386228,0
236,0.8938868956420924,-0.44281224086295645,0
237,0.8953251403270833,-0.4452842718249833,0
238,0.8833169602561152,-0.461104164848336,0
239,0.891035912504138,-0.4570980826178273,0
240,0.8833528013190252,-0.46839494791235975,0
241,0.8699697400662847,-0.48529238168028316,0
242,0.8760992694711333,-0.48257758481685403,0
243,0.8669677218305134,-0.4950239739712159,0
244,0.865922105215254,-0.49928429736269453,0
245,0.8648372711335974,-0.5034834671351904,0
246,0.8530264728092312,-0.5183080010965223,0
247,0.8513001560501683,-0.5229472318663813,0
248,0.8426073589801669,-0.5344519071612012,0
249,0.8549103099708284,-0.5248595918778062,0
250,0.8488929567202338,-0.5334861390299727,0
251,0.8388966170396545,-0.5459900389763709,0
252,0.8241154441706277,-0.5631769541175929,0
253,0.818186408760118,-0.5714097369345451,0
254,0.8246163604199699,-0.5671813684419995,0
255,0.820325811869992,-0.5735711740579619,0
256,0.8022408988612204,-0.5936528636923086,0
257,0.8145388107001407,-0.5832491012339124,0
258,0.7962149176166228,-0.6033643771934999,0
259,0.7970364173271848,-0.6042313621506264,0
260,0.7829446308053869,-0.6199086109929653,0
261,0.787756876653345,-0.6165786885539212,0
262,0.7709532516409625,-0.6347613890819676,0
263,0.7814696038774288,-0.6255207630771612,0
264,0.7754132963730982,-0.6327493537367175,0
265,0.7676090224616087,-0.641622381539787,0
266,0.7596975543938844,-0.65049899565979,0
267,0.7455433622219718,-0.665514655086357,0
268,0.7386730421069886,-0.6731427003225973,0
269,0.7471493782155453,-0.6653202914933326,0
270,0.7361702951724405,-0.6768494558964989,0
271,0.7373430509002332,-0.6761228951671081,0
272,0.7280615479786748,-0.6857466739207895,0
273,0.7132647065001303,-0.7007818469007804,0
274,0.7183984660699968,-0.6957824569793578,0
275,0.7115631982936353,-0.702648122672195,0
276,0.7013319231423325,-0.7128058217731256,0
277,0.6932725653654942,-0.7206876349421149,0
278,0.6972193548931938,-0.7164593453023136,0
279,0.6723245838860914,-0.7409686813891787,0
280,0.678370338176416,-0.7344335857079702,0
281,0.6588137270092352,-0.7533969849903978,0
282,0.6610864374759542,-0.7504272357584764,0
283,0.6473233722552866,-0.7633894865803497,0
284,0.6496996263252478,-0.7601087013545282,0
285,0.6378532511831871,-0.7709468950855293,0
286,0.6280946854009636,-0.7795937033238114,0
287,0.6335058422163777,-0.7729672945688929,0
288,0.6309914686127547,-0.7741630111837602,0
289,0.6167885896646679,-0.7869439250425744,0
290,0.6115470425654608,-0.7906603034960221,0
291,0.6102634100740119,-0.7903156759168646,0
292,0.6033750630574726,-0.7954727911489554,0
293,0.5785880636958166,-0.8184257142938901,0
294,0.5864375673448085,-0.8086394248386799,0
295,0.5753455281192622,-0.8176921110625787,0
296,0.5725838519916022,-0.818312016928054,0
297,0.5622379988493206,-0.8264138400123058,0
298,0.5449417992692022,-0.8413639147214645,0
299,0.5486648280388197,-0.835192838756967,0
300,0.5403682335572068,-0.8409396437022009,0
301,0.5321273742310607,-0.8465291586130699,0
302,0.5278635658471783,-0.8480402626317757,0
303,0.5206273744209774,-0.8524225921239648,0
304,0.5052845250578317,-0.8648106318025145,0
305,0.5003214825571705,-0.8667181341080077,0
306,0.4949507330093396,-0.8689328375958992,0
307,0.4788523060285478,-0.8817749446870546,0
308,0.47819208215334963,-0.8790788142502066,0
309,0.46919540908369367,-0.884619345347306,0
310,0.4568593420533831,-0.8933997368429195,0
311,0.44774105907843836,-0.8988630721371846,0
312,0.44990466925960254,-0.8929455108440851,0
313,0.4514268889600059,-0.8875706125940305,0
314,0.436368840095909,-0.8986775387228216,0
315,0.4199266797782367,-0.9110704226092915,0
316,0.42211100160549797,-0.9047389683610287,0
317,0.40724086515579494,-0.9153644213004806,0
318,0.405625390043371,-0.9126379738859887,0
319,0.40404853728881546,-0.9097759843186402,0
320,0.3918149222170105,-0.9174741636208518,0
321,0.38454330223402583,-0.920114087835481,0
322,0.3800529857146605,-0.9198767891137704,0
323,0.3566828899464529,-0.9384236977462995,0
324,0.3609611296701373,-0.9292270535969767,0
325,0.35272385651566557,-0.9324510666409448,0
326,0.34874233341452354,-0.9313248425256796,0
327,0.3396927261395972,-0.935172591004026,0
328,0.33004282937041857,-0.9395268998413429,0
329,0.3213153577879149,-0.9428654436926355,0
330,0.3146550199463452,-0.9440439102019963,0
331,0.3029884579323683,-0.950136060314406,0
332,0.28856232604292625,-0.9588956495682212,0
333,0.29098344541411064,-0.9507162734361745,0
334,0.27877184997814086,-0.9570783213377684,0
335,0.2563677901311894,-0.9735419729403239,0
336,0.2505800209138466,-0.9732989099468976,0
337,0.24342749473446343,-0.9743306233408291,0
338,0.24792771697127727,-0.9636200577510167,0
339,0.2401408882810357,-0.9651074691102084,0
340,0.22024315811676026,-0.9786171711036696,0
341,0.2172069368204059,-0.9751772230424739,0
342,0.20760401282679206,-0.9782163126250413,0
343,0.20125442926885598,-0.9779148792968806,0
344,0.19484852190134397,-0.9775830762914177,0
345,0.18910615940665795,-0.9765015302881991,0
346,0.16704052607834285,-0.9916575586929839,0
347,0.16222996592964606,-0.9894733254923003,0
348,0.1534287110317652,-0.991195112877848,0
349,0.1522871180814846,-0.9851730846410539,0
350,0.14525418621202887,-0.984958768323951,0
351,0.1333756984125201,-0.989506913761,0
352,0.12690654548798794,-0.9885631690799049,0
353,0.1150844096996815,-0.9928903970216797,0
354,0.10690545504761818,-0.9934929846180292,0
355,0.09327885487041065,-0.9994623155510105,0
356,0.0842204196598968,-1.00078314229745,0
357,0.08918181920628288,-0.9880043639424108,0
358,0.08133788948484087,-0.9879517192506707,0
359,0.07257643000353829,-0.9887379892768372,0
360,0.059616155020630376,-0.9936450461050721,0
361,0.04465733331108904,-1.000473213039554,0
362,0.044856803114285526,-0.992066249613265,0
363,0.028954591735095875,-0.9996847319429378,0
364,0.023417169334776278,-0.9968627988938151,0
365,0.009829605237843117,-1.002015995727994,0
366,-0.005599712529796528,-1.0089365545211102,0
367,0.0005983428942041768,-0.9941559739816989,0
368,-0.009241364202068333,-0.9953400208159026,0
369,-0.02464014351855807,-1.0020106410948495,0
370,-0.030905061222415788,-0.9994755426870435,0
371,-0.0454373358186952,-1.0051365910818824,0
372,-0.055487573207708786,-1.006245044399446,0
373,-0.061593241069502445,-1.0033390277270196,0
374,-0.0653234066392116,-0.9979882708461171,0
375,-0.08248289532039825,-1.005998266797107,0
376,-0.07262444907328866,-0.9869224302183643,0
377,-0.08900470383569686,-0.9940180747177395,0
378,-0.09595260058919396,-0.9916148238889033,0
379,-0.10112805807841706,-0.9873732839804709,0
380,-0.11592079924761128,-0.9926838702819972,0
381,-0.13259879087040888,-0.9998152467028547,0
382,-0.13337479303224445,-0.9909808752033941,0
383,-0.14599029783306203,-0.9939229544460495,0
384,-0.15724167581418777,-0.9954385661702639,0
385,-0.16779748773634978,-0.9961969869182213,0
386,-0.1653508875200765,-0.9838920909226199,0
387,-0.16862283160346472,-0.9772455594114823,0
388,-0.18047343656800763,-0.9791182381806965,0
389,-0.1904442527828266,-0.9790524111846354,0
390,-0.2083814984756636,-0.9868950345532151,0
391,-0.21739062804859843,-0.9857523048533612,0
392,-0.20817158849366044,-0.9663249154500558,0
393,-0.2269653549311395,-0.9748545919897746,0
394,-0.23557152242822899,-0.9731416841639506,0
395,-0.24219558247784587,-0.9693924421323137,0
396,-0.24865669455820782,-0.9654267880266895,0
397,-0.25531109757651255,-0.9616017273386086,0
398,-0.2601101690317053,-0.9558694080257135,0
399,-0.2822184805877539,-0.9673951760283891,0
400,-0.28837153425684464,-0.962915311396033,0
401,-0.3003264700522129,-0.9641877358826847,0
402,-0.301344357963841,-0.9544743048652485,0
403,-0.3015493111616137,-0.9438999204889075,0
404,-0.3207370646382805,-0.952261110252079,0
405,-0.3229783787742516,-0.9436294305129455,0
406,-0.331069607063507,-0.9408020341568422,0
407,-0.3441356775233724,-0.9429046519472616,0
408,-0.34441049369257837,-0.9321719934648941,0
409,-0.36315785869003653,-0.9398686711071426,0
410,-0.3677957315295712,-0.9334134563433562,0
411,-0.3807005318102522,-0.9351835843454298,0
412,-0.3738780178512342,-0.9171856320626829,0
413,-0.39461918027343296,-0.9267114117433485,0
414,-0.40520383927400877,-0.9260415681486501,0
415,-0.4089368737419884,-0.9184818076078017,0
416,-0.4146171004438367,-0.9128317771427443,0
417,-0.42211728591464376,-0.9089650762982926,0
418,-0.4195596098245371,-0.8950047204473035,0
419,-0.44222161181416597,-0.9062290875647192,0
420,-0.4382785912192918,-0.8908143178905215,0
421,-0.45700481546728666,-0.898035522264408,0
422,-0.46632612544992363,-0.8958193874365727,0
423,-0.47570623739259016,-0.8936304778747318,0
424,-0.4780098902053393,-0.8843343830528114,0
425,-0.48543576813247535,-0.8801306400379989,0
426,-0.4919283057417119,-0.8749645384172007,0
427,-0.48972735672120243,-0.8610767890312112,0
428,-0.5083685271651961,-0.8680038571973504,0
429,-0.508771156946914,-0.856665944019169,0
430,-0.5191093244765406,-0.8552379910811211,0
431,-0.5196856753123776,-0.8440235089962578,0
432,-0.5264535499459098,-0.8389767051276922,0
433,-0.544102643498285,-0.8447881432213479,0
434,-0.5457614238839029,-0.8345871615056842,0
435,-0.5536728394417976,-0.8306175802590933,0
436,-0.5638911456787532,-0.8289345284889104,0
437,-0.5596705209950286,-0.8127930595929171,0
438,-0.5860309420754956,-0.8272140266861502,0
439,-0.5877249491719583,-0.816950847818784,0
440,-0.5803220042638946,-0.7975738640723364,0
441,-0.6061792736303007,-0.8114411220668805,0
442,-0.602237930553984,-0.7954946766006141,0
443,-0.6100546771572454,-0.7912921124207325,0
444,-0.6234339874555525,-0.7926387872122105,0
445,-0.6295221423060708,-0.7866818664813653,0
446,-0.6356206379459672,-0.7807237320291195,0
447,-0.6403694518248237,-0.7734052477183083,0
448,-0.6470639631738878,-0.7680226799777595,0
449,-0.6580098043038747,-0.7668825490348682,0
450,-0.6615262916140072,-0.7583050598593566,0
451,-0.6702300752762269,-0.7549077517821565,0
452,-0.6766090839342056,-0.7491794431290493,0
453,-0.678562225708018,-0.7390199321599281,0
454,-0.6809720156400821,-0.729312624449295,0
455,-0.6942843040867507,-0.7305042612123792,0
456,-0.6924802588992776,-0.7165769014206071,0
457,-0.6953259832506993,-0.7072975395629679,0
458,-0.7056858104936722,-0.7055314004383204,0
459,-0.7040975434360082,-0.6918171783653889,0
460,-0.7227414293900296,-0.6983360121665735,0
461,-0.7209433639529915,-0.6844146888828277,0
462,-0.7309128496141495,-0.6822636023151872,0
463,-0.7405096727765648,-0.6797434299810439,0
464,-0.7470529147900995,-0.6741741440816267,0
465,-0.74003301780104,-0.6550470772861283,0
466,-0.7567232519161322,-0.6596363898302684,0
467,-0.768321873270709,-0.6591412275189781,0
468,-0.7640077077935998,-0.6427413054259024,0
469,-0.7762030483785382,-0.6428598049994325,0
470,-0.7725993841576507,-0.6271891032708701,0
471,-0.7793980379782617,-0.6219314102659553,0
472,-0.7966884180409383,-0.6271770205776838,0
473,-0.7951040373112521,-0.6135603327128967,0
474,-0.8023731288569835,-0.6088104643643827,0
475,-0.8021809675347031,-0.5966135740324233,0
476,-0.799601494273986,-0.5820444852440377,0
477,-0.809080767451331,-0.5795501378620116,0
478,-0.8102949688637451,-0.5688075939936751,0
479,-0.8308027519601567,-0.5773763861575986,0
480,-0.8358216735429373,-0.5704749489204807,0
481,-0.8284725066648244,-0.5512249317295362,0
482,-0.8284908995023345,-0.5393628577214773,0
483,-0.8365574874811574,-0.535570235783583,0
484,-0.8378464079112308,-0.5250220751245529,0
485,-0.8470605772033502,-0.5224221624270132,0
486,-0.8611870508805808,-0.5247584217949474,0
487,-0.8674674118285636,-0.5192733029401452,0
488,-0.8559349429421661,-0.49600095376512254,0
489,-0.8724205346819761,-0.5007731278560156,0
490,-0.8642174876973054,-0.4808839870421302,0
491,-0.8673894694807691,-0.4723980579872079,0
492,-0.8750316382866795,-0.46841135604465145,0
493,-0.8868985362817269,-0.46867927834518797,0
494,-0.8892090717781838,-0.45942158596721816,0
495,-0.8891824655239551,-0.4478583501641729,0
496,-0.8958556314328298,-0.44302733303223246,0
497,-0.905285710802,-0.440986521665484,0
498,-0.9135195597004228,-0.4377836154821024,0
499,-0.913772850315268,-0.4266351275087967,0
500,-0.905591161925885,-0.4070874752929553,0
501,-0.9126672876956282,-0.40283428763283863,0
502,-0.9102936582191564,-0.3891688280634445,0
503,-0.9262906215399898,-0.39391227481282926,0
504,-0.9188853196034932,-0.3752925971940526,0
505,-0.926462773626065,-0.37169564091353535,0
506,-0.9357973757947924,-0.3698966197100998,0
507,-0.9403888826513531,-0.3633961086784731,0
508,-0.9405607524481943,-0.3525183815652824,0
509,-0.9428922564663711,-0.34384352202693613,0
510,-0.93867791849793,-0.32866686305228243,0
511,-0.9394976000606082,-0.3185690721178182,0
512,-0.9535053358564368,-0.321704986587036,0
513,-0.9606289666627449,-0.3180032465424119,0
514,-0.9580583215493856,-0.3046544769438704,0
515,-0.950922487320558,-0.286788557012092,0
516,-0.9553689217354381,-0.28055373339088435,0
517,-0.9701225167998233,-0.28467568338082433,0
518,-0.9707639987214455,-0.27473591483683785,0
519,-0.9728195201926583,-0.266261358393422,0
520,-0.9772216072618551,-0.2601853142788669,0
521,-0.9662904667054136,-0.23882875963027764,0
522,-0.9704081793211827,-0.23257454173042807,0
523,-0.9797314697222328,-0.231580147745159,0
524,-0.9680215724163854,-0.20960757074684325,0
525,-0.971768051264029,-0.20314712911642824,0
526,-0.9781123731417698,-0.1993410401516166,0
527,-0.9729944696648334,-0.18412998173409797,0
528,-0.9774228253841559,-0.17852318047177207,0
529,-0.9825830806028663,-0.17370701446067208,0
530,-0.9935189812492217,-0.17472596310365926,0
531,-0.9812910693327321,-0.15264129751262406,0
532,-0.9840686726099694,-0.14562307012068815,0
533,-0.9842432198960618,-0.13606342994041903,0
534,-0.9932847432183319,-0.1354331246645203,0
535,-0.9887392765034928,-0.1212788993004128,0
536,-0.9839659526021685,-0.10696059314247468,0
537,-1.0035073411696391,-0.11702147760084618,0
538,-0.9935344928808727,-0.09763330036486885,0
539,-0.991627433951227,-0.08637677987254576,0
540,-1.0012751943698501,-0.08674163349304626,0
541,-0.9955226259877359,-0.07177339556422309,0
542,-1.002179469290835,-0.06928248411554846,0
543,-0.9906019151505048,-0.048625762568752055,0
544,-0.9944070442599765,-0.043420979124840414,0
545,-1.0048812470689976,-0.04495518664966075,0
546,-0.9925994725495678,-0.02380399139093839,0
547,-1.008657602567245,-0.031063927301260445,0
548,-1.0079915644642707,-0.021671568573258092,0
549,-1.00559701767108,-0.010623216203557096,0
550,-0.9962701697632447,0.007284285997445513,0
551,-1.0031803585870624,0.008880969326766665,0
552,-0.995961649395962,0.024532143098815098,0
553,-1.006319200945667,0.022532028596212166,0
554,-1.005482970824197,0.03165005378536799,0
555,-1.003040151626855,0.04229841718666787,0
556,-0.9959457163306126,0.057521542544853685,0
557,-0.9984292867313286,0.06308921043616125,0
558,-0.9993694703220116,0.07012222143399337,0
559,-0.9980870230713822,0.0792992333738759,0
560,-0.9906805731934778,0.09452103762695209,0
561,-0.9945399215076434,0.09839725878266603,0
562,-0.9906170306125732,0.10997536551696328,0
563,-0.9980754860362612,0.11009120948415307,0
564,-0.9979517077166449,0.11770781387764348,0
565,-0.9954491589567296,0.12762116451576136,0
566,-0.9940561977015495,0.13634235860529023,0
567,-0.9868311904409608,0.15081249087873314,0
568,-0.9927304011542821,0.15207476468928569,0
569,-0.9817388715546235,0.17014361180566998,0
570,-0.9818431678716144,0.1770319456681158,0
571,-0.9821303117482045,0.18365223052981317,0
572,-0.9869739708140995,0.18563029092127517,0
573,-0.9800727869253738,0.19926698344806384,0
574,-0.9866970932584315,0.1992914797337011,0
575,-0.9670365369322662,0.225513643833815,0
576,-0.9803304859301144,0.21869362535042655,0
577,-0.9776187700318412,0.22779111853503303,0
578,-0.9722491382670451,0.23945790487049545,0
579,-0.9689804283146037,0.24893468370600846,0
580,-0.9645751924136694,0.25945844638014426,0
581,-0.9667703783529809,0.2632917952650984,0
582,-0.9645181805537805,0.2714820927168446,0
583,-0.9687351332927719,0.2731123678847611,0
584,-0.9498254340054435,0.2977779934404064,0
585,-0.9502721839074367,0.3029954449877575,0
586,-0.9423329371595276,0.3165067519293402,0
587,-0.9546999564460641,0.30961924191840756,0
588,-0.9478532065419518,0.3218525473220736,0
589,-0.942528904073425,0.3324700554901618,0
590,-0.9332963239955143,0.34690210230685325,0
591,-0.9369282988137269,0.34837547299761507,0
592,-0.9268770716102904,0.3634375491310642,0
593,-0.9387733818849303,0.35645722280578557,0
594,-0.924163037698472,0.375888324533815,0
595,-0.9312186975854884,0.37355784135456277,0
596,-0.9274517463096478,0.3819540411055243,0
597,-0.927979277617735,0.38595948969380106,0
598,-0.9214635169029235,0.3969116284578509,0
599,-0.9134550255815058,0.4092595698152565,0
600,-0.9068700784488551,0.42008671993074803,0
601,-0.8969830468321024,0.43411839558698,0
602,-0.906734171666492,0.42841405113110714,0
603,-0.8937594614543399,0.44533738053822686,0
604,-0.8921082478277683,0.45083876187052135,0
605,-0.8930467831829988,0.4536516596643074,0
606,-0.8867104878522858,0.4636403777789138,0
607,-0.8863504744276725,0.4675535350932025,0
608,-0.8743220259988755,0.48303558728742685,0
609,-0.8687360923101012,0.49197533070562277,0
610,-0.8618354402983696,0.5021297518359505,0
611,-0.8648432444522558,0.5022754369700819,0
612,-0.8547664516638398,0.5154052073688388,0
613,-0.8487124190236347,0.5244114814843106,0
614,-0.8608279815065721,0.5151472072903711,0
615,-0.8412909284613768,0.5374343858092606,0
616,-0.8347524653311662,0.5466216094063989,0
617,-0.8390106713467964,0.5449106041119061,0
618,-0.8385837169159255,0.547783012245855,0
619,-0.8245895441898566,0.5641207118651963,0
620,-0.8183385718651935,0.5726131119753223,0
621,-0.8187706300927821,0.5743202176337932,0
622,-0.8141484039037004,0.5809791865364616,0
623,-0.8114127503718341,0.5856490118664607,0
624,-0.8047973705534991,0.5940958503655901,0
625,-0.7984009218854016,0.6022209099468117,0
626,-0.7887316240320866,0.6135158438566997,0
627,-0.7837705268621221,0.6199994827086008,0
628,-0.7888170363337119,0.616372308605808,0
629,-0.7729920398686153,0.633513329775871,0
630,-0.7698182797024448,0.6378997072279706,0
631,-0.7729521436632627,0.6358749639814347,0
632,-0.7638300796981341,0.6460025705457412,0
633,-0.7587247100296357,0.6520098307700031,0
634,-0.7513499247554578,0.6601827882488034,0
635,-0.7517452294396165,0.6604818787358555,0
636,-0.7391245087457271,0.6736931665150466,0
637,-0.7225421601715469,0.6907622106696465,0
638,-0.7180600008432977,0.6956271582911788,0
639,-0.7171033006562987,0.6968627113414171,0
640,-0.7206149550409662,0.6935259538884561,0
641,-0.7059660406022233,0.7082457964688077,0
642,-0.7093339794179051,0.7048448117899423,0
643,-0.7001635131787257,0.7138782605907046,0
644,-0.6819991521418569,0.7318016426875561,0
645,-0.6761185715354394,0.7373373005693241,0
646,-0.6769895542628459,0.7360174766916352,0
647,-0.6764177125697283,0.7360365918080037,0
648,-0.6738175317970787,0.7379802012143456,0
649,-0.658989552041206,0.7520478130860127,0
650,-0.6512520586982105,0.7589211979297699,0
651,-0.6426047373319471,0.7666007337117224,0
652,-0.6391912955147127,0.7689427840119571,0
653,-0.6394368942970631,0.7675222665494938,0
654,-0.6156081596809804,0.7900726417033277,0
655,-0.6121581988871009,0.79214089623885,0
656,-0.6037965116421261,0.7990176320135278,0
657,-0.6119219305813721,0.789304125566885,0
658,-0.6002390832652116,0.7992958660960342,0
659,-0.5940658516464182,0.8036750959797487,0
660,-0.5760593148540746,0.8197848679854132,0
661,-0.5721477567931351,0.8216970376597632,0
662,-0.5660564061205415,0.8256865233425179,0
663,-0.5577462419815339,0.831792500419261,0
664,-0.5644699181499947,0.8227624771697365,0
665,-0.5563404732663008,0.8284835845180812,0
666,-0.5516549135782441,0.8306589932794375,0
667,-0.5255860489085781,0.8541160781793907,0
668,-0.5328742922999335,0.8441146181954836,0
669,-0.5283242875042383,0.8458501690536795,0
670,-0.5070191799892084,0.864239792207205,0
671,-0.5036646337998804,0.8645780379598063,0
672,-0.5027948674977741,0.8623309095108256,0
673,-0.4906078826863744,0.8713006344134158,0
674,-0.4787618109667516,0.8798293176020718,0
675,-0.4774788546110594,0.8776950007017443,0
676,-0.46089958964755623,0.8907573589248851,0
677,-0.4583101021145841,0.8897305647989963,0
678,-0.4496616239743202,0.8946636522338699,0
679,-0.4375923564233528,0.9029186931914656,0
680,-0.43994037323691976,0.8966578943215879,0
681,-0.4200184342090231,0.9125687835011548,0
682,-0.4277793007369378,0.9006988942285383,0
683,-0.41977087344319536,0.9045006279799028,0
684,-0.41304697412705643,0.9069204722355197,0
685,-0.39139741510345777,0.9241689311180814,0
686,-0.3938587254045251,0.9172097991679246,0
687,-0.3747287243835226,0.931745587715292,0
688,-0.3807027523956863,0.9210812941751875,0
689,-0.37143273595795306,0.9255653368628104,0
690,-0.3617071840084959,0.9304095587086715,0
691,-0.35199065912928346,0.9351497560101625,0
692,-0.3353866989670021,0.9466827569842501,0
693,-0.33685068776744487,0.9400535502061854,0
694,-0.318301556845873,0.9533435841117346,0
695,-0.31708381625093834,0.9492087353053376,0
696,-0.3188188951688234,0.9420279681275397,0
697,-0.30637136412078264,0.9489371124285172,0
698,-0.2902396503377101,0.9594381481640748,0
699,-0.2872575711815884,0.9566976719442613,0
700,-0.2826106300983351,0.9555306010500866,0
701,-0.2731990963780481,0.9590370936423429,0
702,-0.25390161541145606,0.9723389384737287,0
703,-0.26041898370907335,0.9597357798377764,0
704,-0.24648999934090893,0.9674892670967347,0
705,-0.22883724059390964,0.9788772759912273,0
706,-0.22917805943541755,0.9721829151434178,0
707,-0.2139062807759296,0.9810128267603868,0
708,-0.20421160512497488,0.9841777839439118,0
709,-0.2121753767532595,0.9695969224934998,0
710,-0.18617527012136578,0.9888930544423951,0
711,-0.1802224512820318,0.9880555066195327,0
712,-0.1680464174217688,0.9933552810716836,0
713,-0.17738902200890164,0.9770510298787082,0
714,-0.15592286268723965,0.9914706672227181,0
715,-0.14373349416410833,0.9965291564624174,0
716,-0.13837333404255228,0.9946746042628085,0
717,-0.13471758778053633,0.991032335597445,0
718,-0.12071914825902758,0.9976499941413538,0
719,-0.12585199422633353,0.9850541437872504,0
720,-0.11755100898576203,0.9858104499179816,0
721,-0.10615335293692785,0.9895823068248782,0
722,-0.0829411369001265,1.0050881643426006,0
723,-0.07390093397513668,1.0063420159491188,0
724,-0.06598847591285883,1.0063887023524167,0
725,-0.07389444146574575,0.9905381230979722,0
726,-0.05381342580908521,1.0025962671049593,0
727,-0.049819155944142865,0.998489997220164,0
728,-0.03993024314706328,1.000201297725715,0
729,-0.02943677581098281,1.0024406814531839,0
730,-0.023066611732919316,1.0004808974524937,0
731,-0.020113578867848474,0.9950287301932295,0
732,-0.013591475639857967,0.9930709992084552,0
733,0.011236418966656217,1.0093450489580846,0
734,0.011032441764684443,1.0005138451407396,0
735,0.00960102818245384,0.9903824574653678,0
736,0.022604667177750642,0.9946140145189295,0
737,0.03594250298450486,0.9991083054659547,0
738,0.04015584279217539,0.9944072876805141,0
739,0.06215688183713043,1.0074238117897993,0
740,0.06580112368782683,1.0020140419111156,0
741,0.06133121334865851,0.9884212887071643,0
742,0.07259132831305541,0.9904904003902033,0
743,0.09654944647444039,1.0051900305836954,0
744,0.0911863833979134,0.9905016755443091,0
745,0.10647236143524584,0.9963962432268663,0
746,0.1121209451451029,0.9925879886541608,0
747,0.12638125822189317,0.9973267307950466,0
748,0.12412407288433175,0.9854839419018814,0
749,0.13873848386363422,0.990449421447251,0
750,0.14872627777605335,0.9907256654446965,0
751,0.15594270561181872,0.988168638885499,0
752,0.15503237353032479,0.9774236664813721,0
753,0.16964362401972377,0.9821398137712246,0
754,0.18647334811715363,0.9890146992882309,0
755,0.1846901507438597,0.9772176598414684,0
756,0.19665418084465158,0.979109580601564,0
757,0.20179365733032478,0.9741194209889845,0
758,0.21176998679876705,0.9739093323407041,0
759,0.2132717712410502,0.9651686655615425,0
760,0.2381247254431058,0.9797238884707787,0
761,0.24528540241523691,0.9765323111762974,0
762,0.25246965087736745,0.9733105435041769,0
763,0.2512390006644025,0.9616208803480956,0
764,0.2729535955454588,0.9728242344323115,0
765,0.27736553671170333,0.9666734797429657,0
766,0.2898359312168725,0.9685304999117859,0
767,0.28085633433316914,0.9488876305148916,0
768,0.29452313062282265,0.9518420400869836,0
769,0.3063691943772167,0.9529273905028312,0
770,0.31052832384765117,0.9462782711501321,0
771,0.3203140637105656,0.9452090213365734,0
772,0.3380528577742732,0.9520468829381415,0
773,0.34132874562290916,0.9443766969843936,0
774,0.3456938089431683,0.9377513499262746,0
775,0.3559086940024057,0.9369322960550528,0
776,0.37025154604665594,0.9401984918409307,0
777,0.37576383080169856,0.9345922173744664,0
778,0.3845659354959885,0.9322346773296332,0
779,0.3855186736834984,0.9219875057265647,0
780,0.3914490512963543,0.9166785319238678,0
781,0.4017807843236897,0.9157322982369347,0
782,0.40094232447954004,0.9035780855450878,0
783,0.4095097645010455,0.9007928185288232,0
784,0.42331407929529963,0.9032083067554938,0
785,0.4286600389355394,0.8971301576141294,0
786,0.432412035086613,0.8894236026793491,0
787,0.44776799466894834,0.8932874113135795,0
788,0.45059424868962183,0.8845887594361856,0
789,0.45691996589586464,0.8793576631148552,0
790,0.46833335405744886,0.8791831797856915,0
791,0.4753048780405993,0.8745366262646601,0
792,0.4853809232708953,0.8729652421478513,0
793,0.4862778257174877,0.862186219732896,0
794,0.4945258386407389,0.8587306707036506,0
795,0.5015520482879974,0.8540265417628605,0
796,0.6296685114170806,0.061751227145766974,1
797,0.6296685114170806,0.061751227145766974,1
798,0.6296685114170806,0.061751227145766974,1
799,0.6296685114170806,0.061751227145766974,1
800,0.6296685114170806,0.061751227145766974,1
801,0.6296685114170806,0.061751227145766974,1
802,0.6296685114170806,0.061751227145766974,1
803,0.6296685114170806,0.061751227145766974,1
804,0.6296685114170806,0.061751227145766974,1
805,0.6296685114170806,0.061751227145766974,1
806,0.6296685114170806,0.061751227145766974,1
807,0.6296685114170806,0.061751227145766974,1
808,0.6296685114170806,0.061751227145766974,1
809,0.6296685114170806,0.061751227145766974,1
810,0.6296685114170806,0.061751227145766974,1
811,0.6296685114170806,0.061751227145766974,1
812,0.6296685114170806,0.061751227145766974,1
813,0.6296685114170806,0.061751227145766974,1
814,0.6296685114170806,0.061751227145766974,1
815,0.6296685114170806,0.061751227145766974,1
816,0.6296685114170806,0.061751227145766974,1
817,0.6296685114170806,0.061751227145766974,1
818,0.6296685114170806,0.061751227145766974,1
819,0.6296685114170806,0.061751227145766974,1
820,0.6296685114170806,0.061751227145766974,1
821,0.6296685114170806,0.061751227145766974,1
822,0.6296685114170806,0.061751227145766974,1
823,0.6296685114170806,0.061751227145766974,1
824,0.6296685114170806,0.061751227145766974,1
825,0.6296685114170806,0.061751227145766974,1
826,0.6296685114170806,0.061751227145766974,1
827,0.6296685114170806,0.061751227145766974,1
828,0.6296685114170806,0.061751227145766974,1
829,0.6296685114170806,0.061751227145766974,1
830,0.6296685114170806,0.061751227145766974,1
831,0.6296685114170806,0.061751227145766974,1
832,0.6296685114170806,0.061751227145766974,1
833,0.6296685114170806,0.061751227145766974,1
834,0.6296685114170806,0.061751227145766974,1
835,0.6296685114170806,0.061751227145766974,1
836,0.6296685114170806,0.061751227145766974,1
837,0.6296685114170806,0.061751227145766974,1
838,0.7923244313160349,0.6275068089098899,0
839,0.797635874711842,0.6207809818204107,0
840,0.8043960957395628,0.6155169348784522,0
841,0.8101813096993673,0.6092917674181463,0
842,0.8043757270775965,0.5914905729388458,0
843,0.8074519526180859,0.5825868381115303,0
844,0.8161056613184717,0.57927711871027,0
845,0.820078048768504,0.5713034898857802,0
846,0.8306504731969482,0.5699481881476606,0
847,0.8244044001141739,0.5517935559424134,0
848,0.8431964289849151,0.5586970682617287,0
849,0.8366163415579704,0.5402493809078127,0
850,0.8366572773896098,0.5284445059525358,0
851,0.8563414352966946,0.5363055131264064,0
852,0.8581507378838565,0.5263151942817185,0
853,0.8643740434700374,0.5207632752551795,0
854,0.8572419348014055,0.5018812045170501,0
855,0.8632316738163167,0.4961471078724577,0
856,0.8714354681858876,0.4926540549384556,0
857,0.8679734554826969,0.47752304324935124,0
858,0.8754109186106447,0.4733202136233422,0
859,0.8848797932575786,0.4711783575520704,0
860,0.8779946851646621,0.45271293440706895,0
861,0.8916019892003851,0.4547711904510105,0
862,0.8926494318215387,0.4443017012360886,0
863,0.8888857576484552,0.4290540581168354,0
864,0.9009315928562921,0.4296497315791488,0
865,0.9064170674697329,0.42371969347291843,0
866,0.902088019814451,0.4080106214015982,0
867,0.917994059500634,0.4125729616440305,0
868,0.9125343827803976,0.39580674445034414,0
869,0.9251299112232327,0.3971337226560826,0
870,0.9205850040258294,0.3813590839309156,0
871,0.9168878575085339,0.36647185021418854,0
872,0.933867602676733,0.3723019752156042,0
873,0.934756082345877,0.362082121479757,0
874,0.9390022320804091,0.355262041264798,0
875,0.9382770584622084,0.3435135547508362,0
876,0.9325995827652512,0.32685649365478137,0
877,0.9398825616781467,0.32320442189329224,0
878,0.9506703951103772,0.3231025433296722,0
879,0.9552814577547686,0.3168700332772332,0
880,0.9587236746777452,0.30951561403068717,0
881,0.9589856029446088,0.2990286364328094,0
882,0.9502066974860223,0.27954934568256606,0
883,0.9552985725751574,0.2739901427541616,0
884,0.9617835859541514,0.26987416846565543,0
885,0.9670541782321532,0.2645946428194333,0
886,0.9587858228343582,0.245827814893942,0
887,0.9601212091326513,0.23671714591730916,0
888,0.9615436822218086,0.22774674898679378,0
889,0.9808446799464995,0.23670882603932336,0
890,0.9850674791908224,0.2306474140848544,0
891,0.9845192551814809,0.21987044445366527,0
892,0.9712931545138436,0.19647181576682549,0
893,0.97612664431588,0.19118974304483966,0
894,0.9739486918031867,0.17895393720768887,0
895,0.9815845295133763,0.17659037025454638,0
896,0.9952046373811331,0.1802702572844632,0
897,0.9923403948504474,0.16752570855455134,0
898,0.9914635762371007,0.15682922478874126,0
899,0.9894839344523813,0.14509128084809306,0
900,0.9830624519514974,0.12897357662612938,0
901,0.9872928905265653,0.12357058678907458,0
902,0.9923673122971545,0.11907508171399146,0
903,0.9878292445305736,0.10503129225699702,0
904,0.9882265489138286,0.09598777897348978,0
905,0.9957003383670537,0.0940863488801992,0
906,0.9875718351918811,0.0766489135525241,0
907,0.9937951330286958,0.0736302510311159,0
908,0.9958563892280375,0.06651719814295945,0
909,0.9989460940650507,0.060500919665866376,0
910,1.0032420859476663,0.055759923487067584,0
911,1.0077401499193093,0.0512906590567037,0
912,1.004103268972016,0.038756768652091565,0
913,0.9972414096999812,0.023068872982798153,0
914,1.0051771960463585,0.02225024488935256,0
915,1.0098561426976378,0.01824704268991751,0
916,1.0008561090780748,0.0006377641273963331,0
917,1.0072439445790509,-0.0015101084481379777,0
918,1.0055543165042102,-0.011661280180840531,0
919,1.009504206400436,-0.016098147424253473,0
920,0.9896385775970004,-0.04427513024789577,0
921,0.9920799549946391,-0.050069092693523276,0
922,1.0073356228123467,-0.04297214507325724,0
923,0.9885625536934024,-0.06982671490807103,0
924,0.9949697757070664,-0.07142317997019657,0
925,0.9871145662307624,-0.08720367444462557,0
926,1.0045776760062988,-0.07758686491614977,0
927,0.9866563853926115,-0.10327489415945516,0
928,0.9851649987688808,-0.1124528867784176,0
929,0.9899088632310785,-0.11531493055154009,0
930,0.9966892048658961,-0.1160592401995708,0
931,0.9829479116011334,-0.13724337457622485,0
932,0.9826754806244902,-0.14487628929006832,0
933,0.9853023354227249,-0.14952701970559074,0
934,0.9857479565087923,-0.15627555025585368,0
935,0.9946700974291036,-0.15446359847456154,0
936,0.9760350546368356,-0.1801243451616492,0
937,0.989248598278075,-0.17385150363556362,0
938,0.9899495372045758,-0.1800057547584849,0
939,0.9746801755297103,-0.20204429041789257,0
940,0.9725467735919341,-0.21086035260014993,0
941,0.9727059444759979,-0.2172968369058897,0
942,0.973432243753995,-0.22307870284508458,0
943,0.9686339882684211,-0.23429715508963458,0
944,0.9661526540434228,-0.24311024559730574,0
945,0.9673110767356907,-0.2481946731955342,0
946,0.9576293722397489,-0.26402986301036385,0
947,0.9704013297550146,-0.25732157343313183,0
948,0.9666234366574961,-0.2670728712820274,0
949,0.9553276733338971,-0.28425133700077104,0
950,0.9478924592014545,-0.29747811867106133,0
951,0.9487140848638399,-0.3023564998884669,0
952,0.9620747014841956,-0.2946039104207039,0
953,0.9587159230957719,-0.30347832392780305,0
954,0.9491522349202958,-0.3184648496740565,0
955,0.9541347242398514,-0.3188120016859511,0
956,0.9512599029434499,-0.32692287623490696,0
957,0.9299994273696263,-0.35332543202349503,0
958,0.9441930634609764,-0.3441795250592,0
959,0.9384070535234998,-0.3549185419228682,0
960,0.9368379975183074,-0.3613455185042911,0
961,0.9164169886399506,-0.3865290044506443,0
962,0.917195066243126,-0.3904176102660427,0
963,0.9109730419690667,-0.40121018121089247,0
964,0.912233767201821,-0.4044235298708339,0
965,0.9123509158339851,-0.40868365341571944,0
966,0.9090107337683988,-0.41630398412209824,0
967,0.9021226986909867,-0.4273747296240342,0
968,0.8941915746446916,-0.43939081836231186,0
969,0.905190002322516,-0.43237930931400126,0
970,0.8981230060605268,-0.44333488502153434,0
971,0.8856018843357871,-0.4596459611163243,0
972,0.8963378736224689,-0.4526010224836692,0
973,0.8792992110984185,-0.4732315605766764,0
974,0.8742921661938227,-0.481731041887546,0
975,0.8668947234785481,-0.4925212250796439,0
976,0.8718731391219408,-0.49083560454658476,0
977,0.8672797036585034,-0.4986216476648906,0
978,0.8634206300726458,-0.5055729067270396,0
979,0.8524684229454714,-0.5195166498119369,0
980,0.8560358231729862,-0.5188399160834178,0
981,0.8451854119955224,-0.5324799117769984,0
982,0.8355033294562761,-0.5448502917569598,0
983,0.8389411049945654,-0.5439993289381676,0
984,0.8274506133928929,-0.5579749583535446,0
985,0.825708781332799,-0.5621000706121965,0
986,0.8192386540638862,-0.5708514452438215,0
987,0.8148782768432831,-0.5773908692721295,0
988,0.8107165179343379,-0.5836293142284773,0
989,0.8119560724334376,-0.5843639323368307,0
990,0.8091930577363555,-0.5889984610586406,0
991,0.8090072723491211,-0.5909529642926432,0
992,0.8001438214477339,-0.601482206825264,0
993,0.790587894437406,-0.6126008767809353,0
994,0.7940937109028241,-0.6105546396808376,0
995,0.7835731889213404,-0.6224314701381565,0
996,0.7728490598348862,-0.6344085370940576,0
997,0.7707668221888414,-0.63764024988615,0
998,0.7599824236652765,-0.6494705763220153,0
999,0.7547315926880567,-0.6556637110803167,0
1000,0.7486454342526805,-0.6625884798866157,0
1001,0.7547660111248534,-0.65720275831989,0
1002,0.7360276510671737,-0.676572164590381,0
1003,0.725720597220306,-0.6874064091623939,0
1004,0.7369105752870915,-0.6766397275735959,0
1005,0.7191708421173142,-0.6946988318531016,0
1006,0.7087371452055096,-0.7053479510259518,0
1007,0.7170895648143903,-0.6971069889914141,0
1008,0.7040083937682435,-0.7101956447307495,0
1009,0.6912212316231245,-0.7228863181376222,0
1010,0.6933471664352061,-0.7205599282497899,0
1011,0.6870127524381597,-0.7265899355712013,0
1012,0.6881920955589537,-0.7250022565551147,0
1013,0.6830715014021161,-0.7296106156181892,0
1014,0.669384902672811,-0.7426811177152014,0
1015,0.666435329902495,-0.7449107776106205,0
1016,0.6511444065068773,-0.7593780248173174,0
1017,0.6524690042606602,-0.7571260481179336,0
1018,0.6320477809901766,-0.7765162578677904,0
1019,0.6371352406819659,-0.7702942258813011,0
1020,0.6209527834438185,-0.785238635465354,0
1021,0.6181301160467371,-0.786719870871217,0
1022,0.6231453929020516,-0.7802598763107309,0
1023,0.6138925406198608,-0.7879648313906187,0
1024,0.5994655140863645,-0.8007408950273417,0
1025,0.598934367319816,-0.7995181345827823,0
1026,0.5860796520054685,-0.8105161273203721,0
1027,0.581349984156972,-0.8132863937342152,0
1028,0.5778642637501236,-0.8147101779053029,0
1029,0.5617849819110868,-0.8286251403027004,0
1030,0.5647554807924982,-0.8233880978962973,0
1031,0.5502467410244611,-0.8355282366941148,0
1032,0.5499080780855188,-0.8333964153590796,0
1033,0.543739085744041,-0.8369932217548356,0
1034,0.5276767557325676,-0.8503818532580464,0
1035,0.5228167531989713,-0.8524668412933278,0
1036,0.5122651134513774,-0.8601423545738798,0
1037,0.5142001502906817,-0.8552302907539633,0
1038,0.5038372240550402,-0.8625155083688674,0
1039,0.4955214206385544,-0.8676531478001333,0
1040,0.4942251428342763,-0.8656710399159105,0
1041,0.4801342967028641,-0.8763835196851236,0
1042,0.47039380815130694,-0.8826459095810271,0
1043,0.46518012181690094,-0.8842820206789664,0
1044,0.45916686111067334,-0.886618492594158,0
1045,0.4464177653284932,-0.8955918563512353,0
1046,0.43548706355863476,-0.9026481604568133,0
1047,0.4248881968081363,-0.9092742487527237,0
1048,0.4258534669751496,-0.904238111422718,0
1049,0.42189548264622345,-0.9040274391737131,0
1050,0.41299383433290093,-0.9086629479771887,0
1051,0.39981431296769554,-0.9174791605506781,0
1052,0.40282673229601973,-0.9100065839427829,0
1053,0.3858090719333809,-0.9224675664523864,0
1054,0.38635584518900745,-0.917267929780922,0
1055,0.36282589724502773,-0.9360491708285669,0
1056,0.3582896385769101,-0.9357412282486464,0
1057,0.3531822706231587,-0.9359092567522727,0
1058,0.3360405199146713,-0.9480168929528032,0
1059,0.32869338686428146,-0.9502355065495971,0
1060,0.31961354464972436,-0.954092801417844,0
1061,0.3174855644182802,-0.9509045903761923,0
1062,0.3164778697760827,-0.9465028406692148,0
1063,0.31352751440676097,-0.9439508963200337,0
1064,0.29902365091239946,-0.9528600092601152,0
1065,0.2910910808622024,-0.9551057892508673,0
1066,0.2879953918605733,-0.9524230667853185,0
1067,0.2667520204199707,-0.9677968301845209,0
1068,0.2652651660840281,-0.9633233114432019,0
1069,0.26211918443547644,-0.960418593190107,0
1070,0.2416012628105188,-0.9747959329414112,0
1071,0.23542613969042944,-0.9747410436764178,0
1072,0.23851986031521608,-0.9653283381906967,0
1073,0.21292747794701083,-0.9845132277990236,0
1074,0.2046738570614849,-0.986271319109808,0
1075,0.21383363062707147,-0.9705284567112338,0
1076,0.20552680719378374,-0.9721651160473375,0
1077,0.188013994218239,-0.9829211800573913,0
1078,0.17733620249854282,-0.9867561347049687,0
1079,0.1652182210727939,-0.991945694042923,0
1080,0.1711974303423742,-0.978952987053099,0
1081,0.1549725808515321,-0.9880797788293065,0
1082,0.1562131333050125,-0.9796571305217785,0
1083,0.14769409196537217,-0.980910565901487,0
1084,0.13861147326197298,-0.9826446027123339,0
1085,0.12507916557312482,-0.9887458928497274,0
1086,0.11332841018083087,-0.9929837413661181,0
1087,0.10863344525200157,-0.9900844624496249,0
1088,0.08809592747727416,-1.0029469577445946,0
1089,0.08505856571199781,-0.9982290826695746,0
1090,0.0768703310831574,-0.9985824362689018,0
1091,0.0662288241609226,-1.0013099939992325,0
1092,0.06575660277854736,-0.9937897798672987,0
1093,0.06181670040058905,-0.9896593480189028,0
1094,0.0468673581723893,-0.9964610506462394,0
1095,0.03205202093714614,-1.0030520419272058,0
1096,0.02190375251466913,-1.0048998627025962,0
1097,0.017972736464851563,-1.0004549396681812,0
1098,0.010885707621220484,-0.9990911537962893,0
1099,-0.0015829318795491385,-1.0030347242610171,0
1100,-0.012263545526648791,-1.0051166413215704,0
1101,-0.009261669940204628,-0.9934430737812423,0
1102,-0.02379058971029561,-0.9992279437799572,0
1103,-0.03284203747661591,-0.9994636268270657,0
1104,-0.04378823171840841,-1.0015229895440032,0
1105,-0.048611290169032526,-0.9973888030312127,0
1106,-0.06703471715822354,-1.0067852301623663,0
1107,-0.05913269440945369,-0.9897871163333077,0
1108,-0.0833210820767512,-1.0048109904500855,0
1109,-0.09259346285957165,-1.0048511089946455,0
1110,-0.09072364324808391,-0.9936819572205848,0
1111,-0.11021794455126596,-1.0038105401313515,0
1112,-0.11143858447899016,-0.995599764012052,0
1113,-0.12474677013927157,-0.9994115293760818,0
1114,-0.13044425522922243,-0.9955482881050992,0
1115,-0.12824969090731647,-0.9837293942699561,0
1116,-0.14093984442474364,-0.986732322710382,0
1117,-0.15743181621684768,-0.9934748860743874,0
1118,-0.15643662295910532,-0.9826688178218864,0
1119,-0.17731008600386833,-0.993670660608746,0
1120,-0.18067450560362802,-0.9871034404570078,0
1121,-0.1926542177830796,-0.9890922235736016,0
1122,-0.20052320096050613,-0.9869117229180431,0
1123,-0.20356057009722064,-0.9798417922978703,0
1124,-0.20614101212938823,-0.9722578617461537,0
1125,-0.2202296001186909,-0.9761257516175146,0
1126,-0.23433577147924017,-0.9799556507601029,0
1127,-0.23955537278116826,-0.9748441612639492,0
1128,-0.24007685705514045,-0.9649804957099168,0
1129,-0.24873058748767082,-0.9631957808091839,0
1130,-0.25700690927844777,-0.960981129204432,0
1131,-0.2791501362096813,-0.9725816259827678,0
1132,-0.2859653614278593,-0.9688031394007816,0
1133,-0.2894294263878801,-0.9616232897716794,0
1134,-0.29293519913141264,-0.9544357276863881,0
1135,-0.29871053182010804,-0.9494690914892394,0
1136,-0.31252565552342154,-0.9524944020079777,0
1137,-0.31258256347119057,-0.941714445748284,0
1138,-0.3239790538019547,-0.9422278175837707,0
1139,-0.33103189969494107,-0.9383520908293883,0
1140,-0.3412284907751213,-0.9375754585876651,0
1141,-0.35719438657911073,-0.9425242871555198,0
1142,-0.35414211238771554,-0.9284119117975027,0
1143,-0.37578485906693065,-0.9389523365272487,0
1144,-0.3692083918097467,-0.9212321427894884,0
1145,-0.3809485148004351,-0.9217879540643301,0
1146,-0.38898004211002674,-0.9185954067025007,0
1147,-0.4000232695240463,-0.918375621692624,0
1148,-0.40090920932623686,-0.9079604393842841,0
1149,-0.40982101834917667,-0.9055338474777483,0
1150,-0.4214153004182342,-0.9057532834068438,0
1151,-0.4271813043238674,-0.900108832249975,0
1152,-0.44155773283626304,-0.9030400356832659,0
1153,-0.44016560847360464,-0.8901687576871589,0
1154,-0.4461860445694896,-0.8846769555519653,0
1155,-0.4703658921572142,-0.8973123267000996,0
1156,-0.47296976267137514,-0.8883403313254632,0
1157,-0.4769713106031257,-0.8807354749862846,0
1158,-0.48421987583822207,-0.8763479508806019,0
1159,-0.4819632923971405,-0.8624264485236509,0
1160,-0.491435362440379,-0.8602056276902564,0
1161,-0.5015324609058973,-0.8585827229892277,0
1162,-0.5184867371211543,-0.8637907454121914,0
1163,-0.5132853112971053,-0.8468176787642352,0
1164,-0.5256313660436065,-0.8473675711158305,0
1165,-0.526926303872388,-0.836842692242161,0
1166,-0.5455002248105688,-0.8435740111728831,0
1167,-0.5474706505254783,-0.8336799202530655,0
1168,-0.5657686118718914,-0.8400923226263957,0
1169,-0.5555306440206649,-0.8179486272996958,0
1170,-0.5679704514664853,-0.8184634140864222,0
1171,-0.5738074655364734,-0.8123569910509136,0
1172,-0.5925587263420693,-0.8191472763958279,0
1173,-0.5816888052068289,-0.7962997208253648,0
1174,-0.5926836186285649,-0.7953011214427629,0
1175,-0.6126249671974948,-0.8032341606037112,0
1176,-0.6220129882171289,-0.8005998584723945,0
1177,-0.6124167784502741,-0.7789681957025985,0
1178,-0.6211123067777511,-0.7756160260314402,0
1179,-0.6373971372771405,-0.7798417992930559,0
1180,-0.6319703290850073,-0.7623454612157142,0
1181,-0.6445703191309191,-0.7628663360906368,0
1182,-0.6564085013493023,-0.7626167059186219,0
1183,-0.6495850879800831,-0.7436976716454013,0
1184,-0.661435288848757,-0.7434453323763577,0
1185,-0.6726612466585301,-0.7425627206032939,0
1186,-0.667831090361097,-0.7256188555097912,0
1187,-0.6817679942993368,-0.727437802048452,0
1188,-0.6880958756399036,-0.7216443683080219,0
1189,-0.6864655379236109,-0.707890248998258,0
1190,-0.7048148133312988,-0.7141141676502841,0
1191,-0.7184814646601074,-0.7156547785273382,0
1192,-0.720048660410469,-0.7050961416462094,0
1193,-0.7119750525701175,-0.6848978004957119,0
1194,-0.734902584197542,-0.6957025895545913,0
1195,-0.7260676662709695,-0.6747478110749687,0
1196,-0.7416228564838516,-0.6781869138123082,0
1197,-0.7357308383704724,-0.6601834720855,0
1198,-0.7555553835140993,-0.6679021479195263,0
1199,-0.7482691536394142,-0.6485164930724341,0
1200,-0.7586825313735648,-0.6468377797309361,0
1201,-0.7596814979196439,-0.6357528781184987,0
1202,-0.7686001274344246,-0.6325967508077127,0
1203,-0.774483420651415,-0.6264152862780288,0
1204,-0.7840129426271599,-0.6238909365968018,0
1205,-0.7797129110065741,-0.6075488056193947,0
1206,-0.7941823370447979,-0.6099887899458866,0
1207,-0.8025623529402212,-0.6063529061890137,0
1208,-0.7980679565396392,-0.5898570356142868,0
1209,-0.8114667257685013,-0.5912696385053001,0
1210,-0.8144493835655645,-0.5822823190335115,0
1211,-0.821151663783253,-0.5770316910938091,0
1212,-0.8168182956817965,-0.5607633627339601,0
1213,-0.8255233218695441,-0.5575522540302988,0
1214,-0.8343334248948846,-0.5544659236151431,0
1215,-0.8337874077408547,-0.5420440491069995,0
1216,-0.8427821869195888,-0.5391844201406942,0
1217,-0.8468410497982832,-0.5314111956291546,0
1218,-0.8521101813889581,-0.5248714304890917,0
1219,-0.8630733535289072,-0.5240497647574914,0
1220,-0.8625140592242686,-0.5117305578713648,0
1221,-0.871809810347168,-0.5092921863011752,0
1222,-0.8710426315818383,-0.4968175374333999,0
1223,-0.8640004091210255,-0.4780953582035163,0
1224,-0.8678685266769325,-0.47031189104364857,0
1225,-0.8864197210410921,-0.47724072937931716,0
1226,-0.883017222620763,-0.4622459581028512,0
1227,-0.887899240213452,-0.4555666382850865,0
1228,-0.8943128311049572,-0.45045067721075777,0
1229,-0.9061066275152845,-0.4507475547619093,0
1230,-0.9063246562602161,-0.4395021430171485,0
1231,-0.9023615302255982,-0.42410989766379736,0
1232,-0.9119350230814488,-0.42228943265002195,0
1233,-0.905676573247883,-0.4046730240889893,0
1234,-0.9234170183225355,-0.4110923446247001,0
1235,-0.9216195426396843,-0.39801141092971654,0
1236,-0.9173653044602321,-0.38251221083395853,0
1237,-0.9234108010968156,-0.3773520683888089,0
1238,-0.9196367202778885,-0.36241249517042057,0
1239,-0.9288506315789579,-0.3605018816503904,0
1240,-0.9298083458741085,-0.350376856586916,0
1241,-0.9424548743292904,-0.35198324595796104,0
1242,-0.9478842002838457,-0.3464158447828751,0
1243,-0.9470589596001718,-0.3346380974123784,0
1244,-0.9412094800412856,-0.3178811368466939,0
1245,-0.9573239610615953,-0.32313396446710535,0
1246,-0.9463316641757026,-0.30132664034580636,0
1247,-0.9589735963972268,-0.30320096662602203,0
1248,-0.9668767090842945,-0.3003846863090252,0
1249,-0.9568505022385917,-0.27968808749499624,0
1250,-0.9678138023719947,-0.28003078119171004,0
1251,-0.9660734184094744,-0.2677203571597609,0
1252,-0.9596332792522183,-0.2507615214182856,0
1253,-0.9614812350499216,-0.24214289746010775,0
1254,-0.9793747207312454,-0.24962268972534507,0
1255,-0.9667515696445403,-0.22663949718556425,0
1256,-0.9801732421680355,-0.22975554189766836,0
1257,-0.9696673409523685,-0.20899918419043612,0
1258,-0.9858354782721157,-0.2149727899603439,0
1259,-0.987032353052656,-0.20603180764302226,0
1260,-0.9865315331300677,-0.1954505504180548,0
1261,-0.9837046813533904,-0.18260142225643072,0
1262,-0.9811648839881242,-0.17009824626956127,0
1263,-0.9929363010106584,-0.17196591494954214,0
1264,-0.9961622385427402,-0.1653484625497534,0
1265,-0.9795668396942303,-0.1389707558740919,0
1266,-0.989166477995673,-0.13884988765633172,0
1267,-0.997882779845082,-0.1379081989540318,0
1268,-1.002263915022453,-0.1326945696105148,0
1269,-1.0019800130927539,-0.12287983460563968,0
1270,-0.9943076321107158,-0.10574125270873727,0
1271,-0.9934444898378489,-0.09547723764411395,0
1272,-0.9911009301231964,-0.0837988244206269,0
1273,-0.9914142892551143,-0.0748440356326564,0
1274,-1.0073838197522584,-0.0816128052006334,0
1275,-1.0076116407869893,-0.07270792874434527,0
1276,-0.9977335226440868,-0.05376584799192537,0
1277,-0.9896683404147774,-0.03670610442450293,0
1278,-1.008971632953987,-0.04708489818446931,0
1279,-1.0060072823266775,-0.035266767473201,0
1280,-1.0011632837166646,-0.021640358411626134,0
1281,-0.9986497878032231,-0.010416467368981394,0
1282,-0.9941009422013518,0.0027701176443985414,0
1283,-1.005595231005052,-0.0001597225191148667,0
1284,-0.9973190425227852,0.016606994166781963,0
1285,-0.9987003767708807,0.023641643455220265,0
1286,-1.00532273147648,0.02536010886910399,0
1287,-0.9907304077661119,0.04821747605802019,0
1288,-0.9966337003058128,0.05050284270321341,0
1289,-0.9908064471817861,0.06444176868159515,0
1290,-0.9880163499557969,0.0752659560546127,0
1291,-0.9940299693921189,0.07720825338515035,0
1292,-1.004100225280627,0.07501515595785684,0
1293,-0.9868422520330586,0.10007095022589765,0
1294,-0.9881350083538828,0.10649610418266017,0
1295,-0.9876630082211222,0.11460553642307575,0
1296,-0.9981965447973148,0.11162839227438645,0
1297,-0.9966537048634051,0.12064602940352878,0
1298,-0.9939228283552652,0.1307695583214596,0
1299,-0.980345263851244,0.1516570869360123,0
1300,-0.9984917811003118,0.140737308063705,0
1301,-0.9887731777389644,0.1575988927523586,0
1302,-0.9761310266775305,0.17729974293384776,0
1303,-0.9793941390345031,0.1810105285283744,0
1304,-0.9811666871820898,0.18612656443708156,0
1305,-0.9859893866761289,0.1881066286498267,0
1306,-0.9697498798160531,0.21106257872245518,0
1307,-0.9807381000670562,0.2067039873914054,0
1308,-0.9752513385082041,0.21873307616189697,0
1309,-0.9684116023659054,0.23202735681030362,0
1310,-0.9707532816610337,0.23605196477238985,0
1311,-0.9629434386249649,0.25013936976215856,0
1312,-0.975549482710299,0.24372170079554933,0
1313,-0.9602790082035019,0.2650909086117229,0
1314,-0.9573632853935362,0.274015274537882,0
1315,-0.9556422624706791,0.28165440862342084,0
1316,-0.9678092572060792,0.2753145579928404,0
1317,-0.9607207773178957,0.288138786511608,0
1318,-0.9613166810708492,0.2931868142180982,0
1319,-0.9495121159862806,0.31054307864453573,0
1320,-0.9562678853858769,0.30924636830378194,0
1321,-0.9519657823400618,0.3189144887709503,0
1322,-0.935380364133157,0.3407724882477528,0
1323,-0.9378893728077383,0.3434422370471501,0
1324,-0.9339237052495002,0.35249245753698283,0
1325,-0.9364804944205792,0.3549256429346476,0
1326,-0.9271154986335235,0.36918566806060754,0
1327,-0.9291268420469649,0.37197404886968904,0
1328,-0.9306468127639834,0.37515814437918393,0
1329,-0.9151258400878912,0.39528717943900366,0
1330,-0.9116568009636993,0.40326793831564206,0
1331,-0.911180262778882,0.4081595219163191,0
1332,-0.9088685760536446,0.41478925512309667,0
1333,-0.9045419762355693,0.42333658502210336,0
1334,-0.9108517533211035,0.4211499113053832,0
1335,-0.8968584628810297,0.4391683752682381,0
1336,-0.8996737644183692,0.4402800214736153,0
1337,-0.893616230388922,0.45016598875332214,0
1338,-0.8837798126780754,0.4637320437524443,0
1339,-0.890067759946244,0.4610746636045999,0
1340,-0.876970320300381,0.4777033332805862,0
1341,-0.8663734817783236,0.49173180512366194,0
1342,-0.8673184277786808,0.49411864343874534,0
1343,-0.862360711100805,0.5023080504709894,0
1344,-0.8704330832171168,0.49736703715146974,0
1345,-0.8517528460472171,0.5190780713405393,0
1346,-0.857735382962684,0.5160255468399577,0
1347,-0.8433178546968143,0.5332720874995321,0
1348,-0.8441345036208014,0.5351832429567752,0
1349,-0.8505789116579865,0.5313652307379493,0
1350,-0.8313947431734238,0.5530741933832432,0
1351,-0.8283353604404387,0.5585565829944098,0
1352,-0.8293282234662556,0.5598847614227881,0
1353,-0.823992284996969,0.5674396052774279,0
1354,-0.8163268734959273,0.5772216229592516,0
1355,-0.8152340278532425,0.5803286199635391,0
1356,-0.8000890322247028,0.5973851640524548,0
1357,-0.8016076836809868,0.5976753176167228,0
1358,-0.7933878855622575,0.6076010443313633,0
1359,-0.7824610936754742,0.6201307629681582,0
1360,-0.7914056879897983,0.6126859757094679,0
1361,-0.7721982397433172,0.6332900010501701,0
1362,-0.7840543287675317,0.6227271564812797,0
1363,-0.7724840763253605,0.6354872256594938,0
1364,-0.7712959942258587,0.6377616092994626,0
1365,-0.752346559307508,0.6576937506969314,0
1366,-0.7506337172550999,0.6602856319177292,0
1367,-0.7493382869609918,0.6623563694418232,0
1368,-0.7464937621797657,0.6658724125134136,0
1369,-0.7298488900432395,0.6830849646301113,0
1370,-0.7361421287800075,0.677255525827028,0
1371,-0.717677820900975,0.6960797194943101,0
1372,-0.7223394573702939,0.6916740282087096,0
1373,-0.7220049229309583,0.6921605484099344,0
1374,-0.7073450925461789,0.7068683939606568,0
1375,-0.7034798832029041,0.7106776443438145,0
1376,-0.698560370285605,0.7154372282890845,0
1377,-0.6819203311599978,0.7318133801888589,0
1378,-0.6895402941050345,0.723825591165389,0
1379,-0.6718789044005932,0.7410152429816694,0
1380,-0.6608961849722688,0.7514223473946586,0
1381,-0.658563835668104,0.753075246875998,0
1382,-0.6480006321460516,0.7628552157214383,0
1383,-0.6517149402188087,0.7582539457023336,0
1384,-0.6512727148448981,0.7577055470703247,0
1385,-0.6313257916987781,0.7765582569824359,0
1386,-0.6263241330171686,0.7803621936493949,0
1387,-0.6154085042399015,0.789976679688866,0
1388,-0.6218769302482876,0.7821037858806118,0
1389,-0.6148563275531151,0.7876166989714591,0
1390,-0.6079975025415011,0.7928647234208568,0
1391,-0.599044421822306,0.8001040110473128,0
1392,-0.5947995301810324,0.8025322430647867,0
1393,-0.5738834622876986,0.8215289183655536,0
1394,-0.5825790563557491,0.8108113398514741,0
1395,-0.5688861398243499,0.8223798287413232,0
1396,-0.5563448905818132,0.8326943633364378,0
1397,-0.5559246241548246,0.8307857918200047,0
1398,-0.54874100460855,0.8355386213449173,0
1399,-0.5391250733576363,0.84262198921019,0
1400,-0.5308797575164325,0.8482331544975937,0
1401,-0.5352287718782236,0.8411485960787349,0
1402,-0.5126628908399862,0.8608777406760619,0
1403,-0.5101137515055668,0.8604891597448984,0
1404,-0.49395153012877246,0.8736128930150223,0
1405,-0.4995861928004689,0.864839197787685,0
1406,-0.48755900211517345,0.8736270422525958,0
1407,-0.4896075390724029,0.8682390835696088,0
1408,-0.4813311846839436,0.8730761862439388,0
1409,-0.4669747776720407,0.8838937644099248,0
1410,-0.4630675386086387,0.8841628576731981,0
1411,-0.4455611895825051,0.8979320114244294,0
1412,-0.44825219633255065,0.8914050346863466,0
1413,-0.42931189817161547,0.9064108701697428,0
1414,-0.42683679338796854,0.9048533088512455,0
1415,-0.42607621251203265,0.9014833166853259,0
1416,-0.41631606982885416,0.9070152830700273,0
1417,-0.3968000456972943,0.9222058385054498,0
1418,-0.4062422276476545,0.9083412134732697,0
1419,-0.3816213217517115,0.9284430270433223,0
1420,-0.37346158020666687,0.9319873592657523,0
1421,-0.36659952056394246,0.9341380319177851,0
1422,-0.362777659932693,0.9331528742752696,0
1423,-0.36311140805190273,0.9279168300151178,0
1424,-0.3568481511933363,0.9291828732863645,0
1425,-0.3358595630633973,0.9450796977818144,0
1426,-0.3302932608973579,0.9454600606168005,0
1427,-0.3153953170563647,0.9550782707046535,0
1428,-0.32646656114866157,0.9386338866074524,0
1429,-0.3052060367377567,0.9544282597993129,0
1430,-0.3082261810361449,0.9458493549436231,0
1431,-0.2908436708446155,0.9575809039241948,0
1432,-0.2874793111656177,0.9552025172018431,0
1433,-0.2848602091667552,0.9519875098203516,0
1434,-0.26422780480775965,0.9666948707484572,0
1435,-0.26384477374298476,0.9610623599458175,0
1436,-0.24921594576293016,0.9695855898894679,0
1437,-0.2513437104953766,0.9612626198401611,0
1438,-0.2278732768832833,0.9784486963314717,0
1439,-0.23196156769015902,0.9679873586309415,0
1440,-0.2098685221991029,0.9836191360070627,0
1441,-0.20690965917025708,0.9800289847373812,0
1442,-0.1980034549820129,0.9822989099323651,0
1443,-0.18294477610347826,0.9906345330275356,0
1444,-0.18099577149796872,0.9857741993441107,0
1445,-0.1800902822059251,0.9797845684697387,0
1446,-0.16858696388701455,0.9843074916795953,0
1447,-0.16510682909573235,0.9807224696235154,0
1448,-0.15460503227689673,0.9840748672927585,0
1449,-0.1374620365803893,0.9939847471670852,0
1450,-0.12585887098791035,0.9982716120493546,0
1451,-0.1291654877213773,0.9875660476180284,0
1452,-0.12084612517542953,0.9884043594551241,0
1453,-0.10029020659843202,1.0013976743252098,0
1454,-0.10563122435108303,0.9884130558763624,0
1455,-0.0946508070254736,0.9916694374802361,0
1456,-0.08658826326562502,0.9919280783701979,0
1457,-0.06694868185067857,1.0036844635163944,0
1458,-0.056859688506894615,1.0058115467715685,0
1459,-0.05105803043771671,1.0035731662983818,0
1460,-0.05757356747812056,0.9889400533720366,0
1461,-0.04504497075476943,0.9932741336766512,0
1462,-0.022389896913173737,1.0076583530342273,0
1463,-0.029269568669821718,0.9924320968082303,0
1464,-0.003742498519197347,1.0095374661518552,0
1465,-0.005609769342396777,0.9991739973543006,0
1466,0.01142842225980697,1.0076421184621807,0
1467,0.018673946861392645,1.006244330128027,0
1468,0.01794071647472651,0.9967951798276089,0
1469,0.020487808762652118,0.9905543860252904,0
1470,0.046693976625762135,1.0079013477141974,0
1471,0.05510104236410986,1.007378538530432,0
1472,0.05694100451181243,1.0002186135397786,0
1473,0.07103042599112937,1.0052387973435213,0
1474,0.07853275680442405,1.0036032067217553,0
1475,0.07849046534873971,0.9943549818989403,0
1476,0.08238053707948459,0.9889717851581987,0
1477,0.09781160486420198,0.9950629311453144,0
1478,0.09970224615548806,0.9875476839915306,0
1479,0.10598348274570277,0.9843577570177817,0
1480,0.12789493503221053,0.9967334669490807,0
1481,0.13119530088050832,0.9904342127264605,0
1482,0.13808272996830478,0.9876588497995068,0
1483,0.1546715780777477,0.9945224443666957,0
1484,0.16376639786765593,0.9938302640954022,0
1485,0.1598323100368198,0.9800481492326217,0
1486,0.16797877009949994,0.9782862793275718,0
1487,0.18613251455189053,0.986472119344931,0
1488,0.19383604599828394,0.9841489047374329,0
1489,0.1995408141167349,0.9797688223576595,0
1490,0.20852575044880006,0.9786115451935806,0
1491,0.20726397468957178,0.9671509386040738,0
1492,0.23118880011088136,0.9808210656873146,0
1493,0.22330162052678576,0.9626240741911224,0
1494,0.23846710327257956,0.9674253894365488,0
1495,0.24357951430383035,0.9621200393611923,0
1496,0.2486131999014701,0.9566831361682544,0
1497,0.25645209798968077,0.9539993875881233,0
1498,0.2706915405524285,0.9576648992383091,0
1499,0.29176398290389194,0.9681129038369911,0
